 What are the values of x? 
 What are the values of f(x)? 
 What are the values of x to approximate? 
 x =   0.00  6.00 10.00 13.00 17.00 20.00 28.00
 f(x) =   6.6700001 17.3299999 42.6699982 37.3300018 30.1000004 29.3099995 28.7399998
 P( 0.00) =  6.6700001
 P( 1.00) = **********
 P( 2.00) = **********
 P( 3.00) = **********
 P( 4.00) = **********
 P( 5.00) =  3.6705763
 P( 6.00) = 17.3299999
 P( 7.00) = 28.4978085
 P( 8.00) = 36.4134750
 P( 9.00) = 41.0051155
 P(10.00) = 42.6699982
 P(11.00) = 42.0845146
 P(12.00) = 40.0436707
 P(13.00) = 37.3300018
 P(14.00) = 34.6120567
 P(15.00) = 32.3722458
 P(16.00) = 30.8642788
 P(17.00) = 30.1000004
 P(18.00) = 29.8657875
 P(19.00) = 29.7683315
 P(20.00) = 29.3099995
 P(21.00) = 27.9935913
 P(22.00) = 25.4566708
 P(23.00) = 21.6352501
 P(24.00) = 16.9570980
 P(25.00) = 12.5643082
 P(26.00) = 10.5658636
 P(27.00) = 14.3188934
 P(28.00) = 28.7399998
