 What are the values of x? 
 What are the values of f(x)? 
 What are the values of x to approximate? 
 x =   0.00  6.00 10.00 13.00 17.00 20.00 28.00
 f(x) =   6.6700001 16.1100006 18.8899994 15.0000000 10.5600004  9.4399996  8.8900003
 P( 0.00) =  6.6700001
 P( 1.00) =  3.5158982
 P( 2.00) =  4.0443487
 P( 3.00) =  6.5944772
 P( 4.00) =  9.9580173
 P( 5.00) = 13.3041048
 P( 6.00) = 16.1100006
 P( 7.00) = 18.0978699
 P( 8.00) = 19.1776237
 P( 9.00) = 19.3957100
 P(10.00) = 18.8899994
 P(11.00) = 17.8506088
 P(12.00) = 16.4868298
 P(13.00) = 15.0000000
 P(14.00) = 13.5624685
 P(15.00) = 12.3025112
 P(16.00) = 11.2953243
 P(17.00) = 10.5600004
 P(18.00) = 10.0625448
 P(19.00) =  9.7248983
 P(20.00) =  9.4399996
 P(21.00) =  9.0928421
 P(22.00) =  8.5875835
 P(23.00) =  7.8806372
 P(24.00) =  7.0198236
 P(25.00) =  6.1894546
 P(26.00) =  5.7616906
 P(27.00) =  6.3535075
 P(28.00) =  8.8900003
