 N? 
 N =   4
 A? 
 A = 
  2.00000000  0.00000000  0.00000000  0.00000000
  1.00000000  1.50000000  0.00000000  0.00000000
  0.00000000 -3.00000000  0.50000000  0.00000000
  2.00000000 -2.00000000  1.00000000  1.00000000
 B? 
 B = 
  3.00000000
  4.50000000
 -6.59999990
  0.80000001
 AA = 
  2.00000000  0.00000000  0.00000000  0.00000000  1.00000000  0.00000000  0.00000000  0.00000000
  1.00000000  1.50000000  0.00000000  0.00000000  0.00000000  1.00000000  0.00000000  0.00000000
  0.00000000 -3.00000000  0.50000000  0.00000000  0.00000000  0.00000000  1.00000000  0.00000000
  2.00000000 -2.00000000  1.00000000  1.00000000  0.00000000  0.00000000  0.00000000  1.00000000
 AINV = 
  0.50000000  0.00000000  0.00000000  0.00000000
 -0.33333334  0.66666669  0.00000000  0.00000000
 -2.00000000  4.00000000  2.00000000  0.00000000
  0.33333325 -2.66666651 -2.00000000  1.00000000
 C = A * AINV = 
  1.00000000  0.00000000  0.00000000  0.00000000
 -0.00000001  1.00000000  0.00000000  0.00000000
  0.00000000  0.00000000  1.00000000  0.00000000
  0.00000000  0.00000000  0.00000000  1.00000000
 X = AINV * B = 
  1.50000000
  2.00000000
 -1.19999981
  2.99999976
 BB = A * X = 
  3.00000000
  4.50000000
 -6.59999990
  0.79999995
